%YAML:1.0
e_vectors: !!opencv-matrix
   rows: 20
   cols: 128
   dt: f
   data: [ -2.04877369e-02, -1.66319031e-02, -5.87770902e-02,
       -2.23188065e-02, -6.52491152e-02, -3.71272825e-02,
       -5.35888895e-02, -1.70737449e-02, 2.17217598e-02, -3.99139449e-02,
       -8.47454295e-02, -6.19370304e-02, -1.01932712e-01,
       -3.49989831e-02, -8.57405737e-03, 7.56239295e-02, -7.60834366e-02,
       -6.86729848e-02, -7.96869025e-02, -2.75749899e-02,
       -4.69689444e-02, 3.41998935e-02, 8.17526318e-03, 3.83083685e-03,
       -7.32999220e-02, -2.47559436e-02, -5.38130924e-02,
       -8.67456198e-03, -2.22803950e-02, -1.79048050e-02,
       -4.59200032e-02, -3.00470199e-02, 5.30015938e-02, -2.29941141e-02,
       -7.10665435e-02, -2.76129842e-02, -7.45740235e-02,
       -5.64892739e-02, -1.15042910e-01, -1.66954603e-02, 2.50642508e-01,
       -2.08525155e-02, -1.61631420e-01, -1.49388418e-01,
       -2.00533241e-01, -3.61640565e-02, 5.86832054e-02, 2.31149226e-01,
       -1.88299537e-01, -1.48177862e-01, -1.35561839e-01, 7.41483178e-03,
       1.74376070e-01, 1.96816877e-01, 8.05034786e-02, 7.29195215e-03,
       -9.81749296e-02, -3.08569558e-02, -6.28531575e-02,
       -1.31824603e-02, 2.21210811e-02, -2.27669859e-03, -9.88844782e-02,
       -4.51168828e-02, 5.20235971e-02, -1.79351214e-02, -1.14866674e-01,
       -5.43235056e-02, -7.38347620e-02, -3.07817478e-02,
       -7.33858123e-02, -2.82509550e-02, 2.51723200e-01, 2.34844983e-01,
       6.33399561e-02, -3.61165702e-02, -2.02411696e-01, -1.50272071e-01,
       -1.59752086e-01, -1.77826732e-02, -1.88512787e-01, 7.67099904e-03,
       9.16865170e-02, 2.05275565e-01, 1.70027390e-01, -1.87605631e-03,
       -1.38870507e-01, -1.42144412e-01, -9.71954167e-02,
       -4.64965440e-02, -9.42441672e-02, 2.87241419e-03, 2.26000119e-02,
       -1.46760745e-02, -6.20633177e-02, -2.51200236e-02,
       -1.98630448e-02, -1.82006843e-02, -6.00567870e-02,
       -3.83373313e-02, -6.78120106e-02, -1.43580986e-02,
       -5.40638566e-02, -2.24008057e-02, 1.26702162e-02, 7.95277506e-02,
       -8.03288538e-03, -3.24636735e-02, -9.75835770e-02,
       -6.25734180e-02, -8.27550739e-02, -3.63532640e-02,
       -8.34111869e-02, 1.85820484e-03, 9.38823447e-03, 3.42000611e-02,
       -4.33437936e-02, -3.01845539e-02, -8.07577297e-02,
       -6.76552206e-02, -6.72282055e-02, -3.21274102e-02,
       -4.20653112e-02, -1.25828991e-02, -2.46954467e-02,
       -1.03156716e-02, -5.50341569e-02, -1.88084487e-02,
       -5.47205769e-02, -5.97963389e-03, -6.36676103e-02, 4.95277205e-03,
       -4.18531261e-02, -1.97253823e-02, -9.45191830e-02,
       -2.98221204e-02, 1.01393558e-01, 3.57266068e-02, -8.29174742e-02,
       -1.45618450e-02, -1.07122004e-01, -5.43867759e-02,
       -1.41854972e-01, 2.09094938e-02, 1.19564958e-01, 2.80113295e-02,
       -1.06592543e-01, -3.87041941e-02, -1.01039439e-01,
       -6.38857260e-02, -1.27679199e-01, 6.12749457e-02, -1.85435861e-02,
       -1.88065991e-02, -8.86377469e-02, -2.92446967e-02,
       -5.80100454e-02, -1.97976138e-02, -7.98041821e-02, 1.46243460e-02,
       -6.37044758e-02, -3.82555127e-02, -1.26820549e-01,
       -1.02542704e-02, -4.03337441e-02, -1.09296553e-02,
       -1.16768770e-01, -4.21471559e-02, 3.36656533e-02, -5.63330855e-03,
       -1.20356835e-01, 2.60317978e-02, -6.29866049e-02, -5.62360957e-02,
       -2.30136231e-01, -4.61451113e-02, 2.03144744e-01, 8.25797617e-02,
       -1.45583898e-01, -6.32494316e-02, -1.91469803e-01,
       -1.33273050e-01, -2.38518819e-01, 2.21809023e-03, -1.75908976e-03,
       -3.28665785e-02, -1.45965189e-01, -4.13634107e-02,
       -8.44332874e-02, -3.88902351e-02, -1.15131974e-01,
       -5.36381127e-03, -6.45651668e-02, -4.50416133e-02,
       -1.16700970e-01, -5.67256473e-03, -4.01695855e-02,
       -8.18946213e-03, -1.28064066e-01, -4.92052101e-02, 3.99432965e-02,
       -4.29381169e-02, -2.27008745e-01, -4.77371439e-02,
       -6.23688139e-02, 1.95628218e-02, -1.25124291e-01, -1.41426409e-02,
       2.00268194e-01, 4.47922898e-03, -2.33364299e-01, -1.25383109e-01,
       -1.93992227e-01, -6.71628341e-02, -1.47213429e-01, 7.32963830e-02,
       6.40992122e-03, -1.28008639e-02, -1.13219872e-01, -3.44182625e-02,
       -8.89641866e-02, -4.13729139e-02, -1.47020012e-01,
       -2.63857320e-02, -5.01811914e-02, -3.20743695e-02,
       -9.62565839e-02, -1.14199650e-02, -3.93846743e-02, 1.72570744e-03,
       -6.53088316e-02, -1.70091391e-02, 1.05437689e-01, 2.44575404e-02,
       -1.39197633e-01, -4.88348305e-02, -9.94014218e-02,
       -1.83273368e-02, -8.43327418e-02, 3.46626937e-02, 1.22912981e-01,
       5.53613417e-02, -1.26597449e-01, -6.18665405e-02, -1.08322591e-01,
       -3.94168161e-02, -1.04992121e-01, 3.92562225e-02, -1.55048529e-02,
       1.02265486e-02, -7.34392032e-02, -1.99868493e-02, -6.48398995e-02,
       -2.28546392e-02, -8.81577581e-02, -1.66717991e-02,
       -5.59923463e-02, 2.75896629e-03, 8.23494717e-02, 2.09550764e-02,
       8.57210606e-02, -5.61756024e-04, -8.91464949e-02, -4.08627428e-02,
       2.85428226e-01, 3.33277769e-02, -4.90286909e-02, -8.46272111e-02,
       -1.90117657e-01, -5.77329509e-02, 3.04512177e-02, 1.04574628e-01,
       -1.90338433e-01, -8.63699913e-02, -3.05670630e-02, 5.37836142e-02,
       2.46300936e-01, 7.93319643e-02, 2.64274273e-02, -4.61866036e-02,
       7.63540417e-02, 3.31288762e-02, 9.48420539e-02, 1.45828985e-02,
       -6.86720088e-02, -4.53224704e-02, -8.57054964e-02,
       -1.05750114e-02, 6.67145103e-02, -4.54616696e-02, -1.68609738e-01,
       -8.23921114e-02, -4.35448140e-02, 3.56691740e-02, 1.88671917e-01,
       6.78333640e-02, 9.20943450e-03, -1.08372346e-02, 6.22795075e-02,
       -1.47824008e-02, 1.75782200e-02, -1.98882744e-02, -6.40315637e-02,
       -2.19215080e-02, 1.82677060e-02, -8.30200873e-03, 7.72274509e-02,
       9.08260792e-03, 3.23808729e-03, -3.18359137e-02, -6.17314689e-02,
       -1.39822401e-02, -6.86740205e-02, -5.89650497e-02,
       -1.46772072e-01, -3.26146074e-02, 5.55953234e-02, 7.11743459e-02,
       1.92629814e-01, 2.43250672e-02, 7.19263852e-02, 7.63633177e-02,
       1.85284019e-01, 2.08355878e-02, -5.36346994e-02, -7.24015906e-02,
       -1.60319358e-01, -4.45851162e-02, -4.67442069e-03,
       -2.02500802e-02, -5.67274764e-02, -1.95580069e-02, 2.46948563e-02,
       -1.82876422e-03, 6.36339113e-02, -1.66257396e-02, 7.49775907e-03,
       -2.13215165e-02, -5.72936423e-02, -2.09606811e-02, 7.31023401e-03,
       7.04682479e-03, 8.27760696e-02, -2.01750733e-03, -6.45926744e-02,
       3.97877693e-02, 1.99169308e-01, 6.74646497e-02, 4.30204198e-02,
       -3.49982493e-02, -1.49860129e-01, -6.11651167e-02,
       -6.18980378e-02, -3.95459570e-02, -8.12925100e-02,
       -6.58238539e-03, 8.95081535e-02, 2.76791435e-02, 8.12325031e-02,
       3.13968374e-03, 2.73418725e-01, 9.09700617e-02, 2.46833898e-02,
       -5.14266603e-02, -1.90008089e-01, -7.78915584e-02,
       -3.20649892e-02, 4.12443653e-02, -2.06763595e-01, -5.63988499e-02,
       3.91093455e-02, 9.02942717e-02, 2.49922812e-01, 5.27536534e-02,
       -2.97965948e-02, -8.86772946e-02, 6.78426549e-02, -5.50699933e-03,
       -8.45786557e-02, -4.38181236e-02, -6.78309500e-02, 1.26241492e-02,
       1.00233890e-01, 3.12339738e-02, 1.37635544e-01, 1.83090214e-02,
       2.34891325e-02, 1.51069788e-03, 3.12502161e-02, 4.16860823e-03,
       5.74207045e-02, 1.94285996e-02, 3.57427031e-01, 4.16268893e-02,
       3.74502316e-02, -2.50930265e-02, 9.35940370e-02, 1.10792089e-03,
       -4.74148132e-02, 6.44950569e-02, 2.60684878e-01, 2.55273934e-03,
       5.60814627e-02, 3.89912017e-02, 1.30154505e-01, -6.29114583e-02,
       -5.04103974e-02, 8.55057836e-02, 2.33436935e-02, 7.49806175e-03,
       4.89731841e-02, 5.06166443e-02, 1.21183589e-01, -5.00718737e-03,
       6.08835928e-02, -7.75160908e-04, 6.20956495e-02, 3.20004523e-02,
       1.23836488e-01, 4.37398767e-03, 5.21439984e-02, 3.47663718e-03,
       2.73759197e-02, -3.45268771e-02, 2.14736849e-01, -1.48160476e-02,
