%YAML:1.0
e_vectors: !!opencv-matrix
   rows: 20
   cols: 128
   dt: f
   data: [ -7.52075836e-02, 1.60830002e-02, 1.07697569e-01,
       5.19279540e-02, 1.13941856e-01, 2.33204551e-02, -7.30301142e-02,
       -5.82185946e-02, 1.91793352e-01, 3.27512063e-02, -2.72144601e-02,
       -5.05821407e-02, -1.41603023e-01, -4.15189527e-02, 6.07331581e-02,
       7.65796825e-02, -1.67417333e-01, -6.72057122e-02, -3.43890078e-02,
       4.07177024e-02, 1.88784838e-01, 8.00448731e-02, 5.28952442e-02,
       -5.39516322e-02, 8.79845992e-02, 4.21624482e-02, 9.61422920e-02,
       1.07895723e-02, -9.64145660e-02, -7.06308186e-02, -9.48557630e-02,
       5.24450233e-03, 6.25490919e-02, -4.07241210e-02, -1.40102014e-01,
       -5.40707298e-02, -8.48524738e-03, 5.44701219e-02, 2.08020732e-01,
       9.08242688e-02, -1.13516808e-01, -1.49167078e-02, 1.11646831e-01,
       6.53488860e-02, 1.20342843e-01, 4.82997438e-03, -7.52106905e-02,
       -7.95883238e-02, 8.83929580e-02, 5.45100048e-02, 1.00171350e-01,
       -7.96868838e-03, -7.67839849e-02, -6.80582821e-02,
       -9.34120938e-02, -2.66636796e-02, -5.30266576e-02,
       -7.03580007e-02, -1.68053642e-01, -5.44011146e-02, 4.43740822e-02,
       7.56834298e-02, 1.78862602e-01, 2.69181598e-02, 6.22684881e-02,
       9.08557698e-02, 2.08442435e-01, 5.39618693e-02, -8.91588163e-03,
       -5.28071001e-02, -1.39432535e-01, -3.98972370e-02,
       -1.13451801e-01, -8.01675543e-02, -7.57511109e-02, 4.42762300e-03,
       1.20881379e-01, 6.64767548e-02, 1.12087615e-01, -1.44782420e-02,
       8.78011137e-02, -2.65653413e-02, -9.35706124e-02, -6.84035495e-02,
       -7.64958337e-02, -7.38596823e-03, 1.00120723e-01, 5.45981377e-02,
       -5.43908700e-02, 2.70960629e-02, 1.78864226e-01, 7.57877678e-02,
       4.46742587e-02, -5.41343465e-02, -1.68310851e-01, -7.13643432e-02,
       -7.55446330e-02, -5.79281747e-02, -7.17978403e-02, 2.38412507e-02,
       1.14480451e-01, 5.18034920e-02, 1.07493341e-01, 1.66313332e-02,
       1.92455679e-01, 7.66057149e-02, 6.12697005e-02, -4.13055606e-02,
       -1.41347885e-01, -4.97881062e-02, -2.67807525e-02, 3.31818312e-02,
       -1.68117851e-01, -5.44856563e-02, 5.26096784e-02, 7.98280835e-02,
       1.88795060e-01, 4.16800007e-02, -3.35978121e-02, -6.69048652e-02,
       8.66686851e-02, 4.82519204e-03, -9.49904174e-02, -7.16041923e-02,
       -9.64658707e-02, 1.18595539e-02, 9.70178619e-02, 4.17863168e-02,
       1.32748321e-01, 2.80668009e-02, 8.41337442e-02, 2.33854838e-02,
       9.16007683e-02, 5.03439531e-02, 1.57009900e-01, 6.26913160e-02,
       -2.16937996e-02, -2.50305142e-02, 1.23766296e-01, 6.86479807e-02,
       2.15369165e-01, 7.65597969e-02, 1.02887712e-01, -5.36344424e-02,
       7.12625384e-02, 9.19109490e-03, 1.18848763e-01, 2.42796112e-02,
       5.79629689e-02, -7.39904493e-03, 6.67349920e-02, -3.50616663e-03,
       1.35500086e-02, 1.42059478e-04, 5.51987030e-02, 1.21116275e-02,
       7.07920194e-02, 2.38746423e-02, 9.17696133e-02, -4.61593270e-03,
       6.01832606e-02, 7.50080571e-02, 2.13566720e-01, 5.04722670e-02,
       1.67364746e-01, 6.03329726e-02, 1.29616931e-01, 2.61420906e-02,
       -1.53164297e-01, -2.13605873e-02, 1.61135793e-01, 5.25450259e-02,
       1.79482371e-01, 6.15430996e-02, 9.27941054e-02, -1.65267199e-01,
       -1.23896664e-02, 1.42125727e-03, 1.34137660e-01, 1.24291023e-02,
       5.70224226e-02, -9.73734409e-02, 3.60754989e-02, -6.77448586e-02,
       2.65245568e-02, 1.06175067e-02, 1.44232899e-01, 3.02608311e-02,
       2.85944771e-02, -2.32894048e-02, 3.97704393e-02, -2.95775738e-02,
       6.06135502e-02, 2.53090113e-02, 1.28401607e-01, 5.80551028e-02,
       1.70054823e-01, 5.64192086e-02, 2.15177417e-01, 7.99355283e-02,
       -1.53034002e-01, -1.70449108e-01, 8.58982131e-02, 5.88700399e-02,
       1.81642801e-01, 5.67578450e-02, 1.64077401e-01, -1.49043854e-02,
       -1.17289219e-02, -6.86032549e-02, 2.98419911e-02, -1.04961284e-01,
       6.08355701e-02, 2.06220951e-02, 1.38096467e-01, 4.94675245e-03,
       1.90844350e-02, -2.66621280e-02, 3.93957421e-02, -2.53450256e-02,
       3.16990018e-02, 3.51467989e-02, 1.47089913e-01, 6.57883752e-03,
       1.34675279e-01, 6.58462122e-02, 1.60923436e-01, 5.35550490e-02,
       9.44175124e-02, 2.34832801e-02, 8.30096230e-02, 3.24173942e-02,
       -1.75011065e-02, -5.29136807e-02, 1.03903636e-01, 7.74351358e-02,
       2.15638310e-01, 7.25694820e-02, 1.26433522e-01, -2.45211534e-02,
       7.39195943e-02, -1.18406548e-03, 6.70793355e-02, -8.15795828e-03,
       5.92245944e-02, 2.89548580e-02, 1.23452082e-01, 7.88802467e-03,
       7.27112498e-03, -6.12650346e-03, 9.26160514e-02, 2.44861748e-02,
       7.52971023e-02, 1.77914891e-02, 5.87818623e-02, -1.93260249e-03,
       1.04259752e-01, 1.06479168e-01, 1.44484594e-01, 7.45779797e-02,
       5.71408197e-02, 2.33194027e-02, 1.08675204e-01, 7.19458088e-02,
       1.08275257e-01, 1.38715178e-01, 1.96497858e-01, 1.17196970e-01,
       1.33192763e-01, 5.56603074e-02, 1.11215405e-01, 3.79448570e-02,
       1.03246190e-01, 1.45009890e-01, 2.22074419e-01, 1.37359589e-01,
       1.30484834e-01, 1.68338306e-02, 7.31345117e-02, 3.11902463e-02,
       4.19669710e-02, 7.38667101e-02, 1.46519020e-01, 1.30807936e-01,
       1.11651726e-01, 6.54649064e-02, 1.11763239e-01, -1.78844691e-03,
       3.17492895e-02, 5.35400212e-02, 1.08250275e-01, 1.12670466e-01,
       3.97535414e-02, -2.01310571e-02, 2.66099791e-03, -6.34601980e-04,
       2.15285160e-02, 1.28475741e-01, 1.13000222e-01, 7.43845552e-02,
       5.04436940e-02, -1.15464320e-02, -8.94796401e-02, -9.32089463e-02,
       4.92751263e-02, 6.14118017e-02, 6.76102564e-02, 8.66708755e-02,
       4.37564366e-02, -5.26392683e-02, -3.46558802e-02, -5.39178262e-03,
       -2.00085510e-02, 4.19739895e-02, 7.41074681e-02, 5.55952080e-02,
       5.72447367e-02, 2.62967851e-02, 2.16147806e-02, -2.91299894e-02,
       -3.09931785e-02, 3.21431039e-03, 3.05583980e-03, 2.00268775e-02,
       -4.18772995e-02, -1.13035381e-01, -1.08493872e-01,
       -5.30698150e-02, -2.51681395e-02, 9.13270861e-02, 9.41769108e-02,
       1.31359631e-02, -4.51746173e-02, -7.28896186e-02, -1.08465314e-01,
       -1.27866566e-01, -4.69463021e-02, 7.32016191e-03, 4.16852571e-02,
       5.05451374e-02, -4.51968536e-02, -8.60035941e-02, -5.97176068e-02,
       -6.04600981e-02, 3.48639153e-02, 3.37211527e-02, -1.43053494e-02,
       -2.76165418e-02, -5.32088205e-02, -5.42196557e-02,
       -6.36857077e-02, -3.70566137e-02, -1.03998110e-01,
       -7.26159811e-02, -1.06036633e-01, -2.34982111e-02,
       -5.71082793e-02, -7.58960843e-02, -1.44321561e-01,
       -1.05654620e-01, -1.09928168e-01, -4.09463421e-02,
       -1.06180750e-01, -5.31509966e-02, -1.29366651e-01,
       -1.17348880e-01, -1.92992121e-01, -1.35554597e-01,
       -9.88744721e-02, -3.08611728e-02, -6.81168661e-02,
       -1.73164122e-02, -1.26485810e-01, -1.34326875e-01,
       -2.12857485e-01, -1.42019019e-01, -2.96649132e-02, 5.83086209e-03,
       -1.05988868e-01, -6.44638836e-02, -1.06681056e-01,
       -1.29159629e-01, -1.40812784e-01, -7.02381060e-02,
       -7.68784061e-02, 1.67279113e-02, 5.09246718e-03, -5.39210327e-02,
       -1.01975717e-01, -8.00039545e-02, -4.06779535e-02,
       -2.35636346e-02, -6.97139725e-02, 2.00686418e-02, 4.10460420e-02,
       -3.77389602e-02, -5.06988913e-02, -1.20454691e-02, 7.87117779e-02,
       2.04207399e-03, -7.34245777e-02, 7.75304670e-03, 9.22327787e-02,
       2.46956423e-02, 1.12113096e-01, 7.23111257e-02, 1.35423109e-01,
       -1.18480707e-02, 1.63299218e-01, 7.82000870e-02, 1.27153680e-01,
       1.58421863e-02, 9.22779143e-02, 3.30070928e-02, 1.08189277e-01,
       8.35211426e-02, -2.68063508e-02, -4.83609131e-03, -7.00405464e-02,
       -9.83360931e-02, -1.69372976e-01, -7.95042366e-02, 1.46529181e-02,
       4.03332673e-02, 2.25696638e-02, 1.60615984e-02, 2.23223269e-02,
       -7.40659460e-02, -5.23361787e-02, -9.19826701e-03, 1.37396455e-01,
